0.5913742885708628
-0.46530402152536054
0.7249240169623219
-0.12119230023243333
0.5856038222406708
0.34935343427638643
-0.13550369993393319
0.1942798586001766
-0.5763409818011094
-0.5481474607036887
-0.1646079512412182
-0.019852967808464905
0.21943436362214852
0.9795170690179429
0.059824252247184795
0.9119740342510303
-0.8932406686247536
0.9269341984308028
-0.37950811161989884
-0.3617854977248529
0.5678715786890025
-0.7488168029176328
-0.8147340591152659
0.24556269318647184
-0.17906249692351706
0.5954789531669655
-0.7958611321368119
0.23351939268257782
0.9167089242173063
-0.29465960239554456
-0.08778559728022883
-0.6283157841969154
-0.5838209785413826
-0.448956947980399
0.5139050850909266
0.5914337535572673
-0.22738981971123207
-0.6587900942524061
0.9552741000027785
-0.9351057035060519
0.6969786573376302
-0.761094875212841
0.548046845347014
-0.8990652316430203
-0.19750744673737697
-0.7438568640036716
-0.5838886234265839
0.9187794152492403
0.6869796574298408
-0.5270668043158999
0.15699556856593921
0.971771959523388
-0.5738971241922812
-0.34753440868777985
0.19994215696497863
-0.44411326134600615
-0.3559164485745161
0.4414598905791387
-0.09002276368899431
0.2911851809950614
0.6642540407652258
-0.40231880127181885
-0.16669920278427508
-0.09657321167460431
0.8900414409319097
0.7380788178935977
0.5401206601084929
-0.27006858377258225
-0.653226960692362
0.5991913703791651
-0.5837492813924599
0.5464276394421581
-0.370212894123783
0.6325794441794168
0.04423865672395455
0.4150426946691579
0.9895507828674424
0.19007019598086283
0.10437689915316861
0.08033278563932322
-0.9772449088267159
-0.23709075979965522
0.8695166644549628
0.5385576735700353
0.4828376327663415
-0.8914719818654455
0.9149418872672768
0.49289619460777967
-0.40394290345976613
0.9574013190596604
-0.9732402264947633
0.2359249283764815
-0.6577016188578351
0.5879827700910565
0.7627559682486251
-0.7480372012998813
0.2344139133913823
-0.10596873372280502
-0.8486339605336977
-0.03107199841227981
