-0.5739126388600277 -0.3281847311876631 0.8565016371087157 0.8169277148811334
-0.5701281977234074 -0.8761546017708604 -0.03620525169585531 0.7692614173774921
-0.6656479054524806 0.6814724109372134 0.7196252250426434 0.4417366696115401
-0.26222595832918905 0.40292791013757756 -0.3933047816888675 -0.5416747723421353
-0.9727906339550774 -0.8597093461994858 -0.6767141402787555 -0.5315610604096477
-0.7069961724908527 -0.6454518229387831 0.765379981460121 0.34254943452132847
-0.8737825427429429 0.9890440468244099 0.598256245026163 0.9761913029258529
0.7049361736736561 -0.705839149009005 -0.8551505192783588 0.5189720277658609
0.053123059412419904 -0.5618859136789756 0.28190855470543674 -0.9369610255944987
0.0002564412281940154 0.015913447723259644 0.524221137087316 -0.4556558227532268
0.8657518972052975 0.10771491783937637 0.7828305241321192 0.6866580972464371
-0.8331287156307312 0.24069141958365048 -0.24413417182629638 -0.681990985759797
-0.9261731951922447 0.903450501534393 -0.863055499492839 -0.5515225674332236
-0.23998574044451138 0.6358934101803735 0.8868604976242396 -0.6391173612949115
0.38279402517768846 0.05182571971203975 -0.41265340006721307 -0.7975208740430264
-0.013543512977852279 0.3378051578483523 -0.4350746487002848 -0.37486155391987874
0.3997252671328584 0.9592205705139176 -0.5918592424670717 0.43757925395718944
-0.4572022680900665 -0.19522339514252662 -0.1800058002407121 -0.7728961043169296
0.040402140017138155 -0.15268370668560238 -0.1706206245470554 -0.33840062340741994
0.26300937111110345 -0.4293611515105391 0.5639283659221261 -0.11332057086933434
0.6914839480417743 0.05466423324109271 0.5250803643944553 -0.5138542093139951
0.9441247733429468 0.7682574064627321 0.12067930276194416 0.11073239657976197
0.554721626669926 0.8296679100825279 0.531866652882554 -0.06624339621514652
0.9655152515135634 0.25891313273562067 -0.511675748739459 0.8263933610414531
0.5174729897628827 -0.7454946305724919 -0.5724494114235434 0.613064013836425
-0.1409808976526068 0.3332446596954537 0.579061292257661 0.1494646853002568
0.80060811336645 -0.7950185746551865 0.3953098783852105 -0.1696611918094284
-0.6975558505571866 0.05571653937352572 0.722415480861978 0.4172704058013015
0.4531224525317583 0.9290492467079183 -0.6731543332770551 -0.4827362729787472
-0.03653420851238809 -0.05370962321997297 0.18095403315826575 0.20676687666670746
-0.9333488915203081 0.360371705152869 -0.6737564261390581 -0.1094452633480365
-0.8618608068126441 0.594352899440157 0.1374775117140743 -0.6526790995564149
0.7673902999925746 0.9894330156559346 0.5328937207072986 0.6553094473973822
0.3084650353747964 0.8687550649945657 0.6805478240081604 -0.7225043697582529
-0.6859897315777623 0.18304517096140405 0.8007822270209821 0.3393037393613345
-0.010230351784221048 0.6178131603785031 -0.7953855492324324 -0.807859651620026
0.7863146939085064 -0.9709838047822241 0.6330812901692531 -0.1386235260892834
0.24674665378202176 -0.20198906486514323 -0.2746355344007456 -0.5050219023595897
0.7843415275879069 -0.8346133344493127 -0.16965589250725555 0.6714327543052261
0.8536026728867927 -0.6133719835454026 -0.23446284751563007 0.000632728912294267
0.5934034362561527 0.9162884334802124 -0.5288279589435136 -0.9328025028781062
0.5579025607301797 -0.7469515025765845 0.0882196130391848 -0.3050622799856515
-0.8705989844628899 0.28354061821421017 -0.36614271827051836 0.6772224494231511
0.9584561697023699 0.4375676164462321 0.3139790523578454 0.13913842120673703
0.2687657433419204 0.8464443522332528 0.0695693194779965 -0.6236068434059323
-0.64883420163271 0.046149536105070776 0.02947688602181664 0.42764927158342014
0.6172773543347247 0.060315275206880514 0.2931827466985717 -0.328689097902509
0.8447525054251117 -0.34543066143861534 0.12621321062066015 0.2683165398841094
-0.49896893596870706 0.6753837548494381 -0.16411216362200554 -0.3552412939141498
0.21883671228117207 0.2713540803949299 -0.7774187924375113 0.9200843204354472
0.8848462848981735 0.838388714206131 0.8556056423035816 0.8838121610089
-0.6973631097577502 -0.09201741198319868 -0.8329564252280259 0.4981767522592211
0.8129402297689794 -0.8239418172884052 0.5560093458560049 -0.8926434819666642
0.5991816390986906 -0.15872035517497385 0.9231104631525651 -0.49531420296853623
0.8851920942524645 -0.7030811067037188 -0.935858215077706 -0.27623036633726494
0.5641645282931675 -0.7697989795956146 -0.12913724193047837 -0.9185399109512249
0.9200502454036892 -0.284841459855834 -0.8280353424129947 0.9642495407464822
-0.12855418836660037 0.2937043797849106 0.35707164587119067 -0.01113528500433758
0.5586980445909846 -0.5893814934109876 0.8414278262947634 0.6866723893607085
-0.7279952056831522 -0.1803054676972362 -0.40263969770577446 -0.386260864696903
0.3854308560668087 0.3413725802592158 -0.6195021233516722 0.34191216220686593
-0.18921162339479647 -0.1695749083946123 -0.7879516345191686 0.973115188507859
0.6195975830655422 0.5084053049988388 0.9232449321461742 0.4317013130834144
0.3701210899603571 0.6620918750825167 0.6226156389901993 0.3364941978485012
0.15665032881835317 0.23313143965654226 -0.7371613617740227 -0.6462778382786851
0.8023410518507534 0.4960486427447548 -0.7792034789529996 -0.47101755986099225
-0.6077530805814133 -0.35566994152568676 -0.17201768289365593 -0.057631337917567915
0.2532991977171344 -0.12936274681184012 0.28275551956092637 0.3645072166658698
0.35134755199569967 -0.9913410704226573 -0.3729026888255145 -0.6670582995592849
0.7360521970711726 0.0773533289307673 0.9664047643340958 -0.9773561682496146
-0.2908096134840843 0.2563145630467327 0.540057371184224 -0.41148274272914565
-0.9302941055166078 0.4985690284055253 -0.9259658520394354 -0.30370365596741244
0.5950506677024583 0.4108696427277878 0.30786546708477314 0.08057431789438718
0.18935370444737742 -0.2540913100819939 0.9115368288124777 0.3616304303064426
-0.29553134486262955 -0.8346446376896701 0.9427290186617736 -0.2509657843500641
0.05380786626750944 -0.29318556464685663 -0.15836540065013827 -0.20389417668091658
-0.3333265203364386 -0.43873978083069365 -0.7357828541301534 -0.8210553271497856
0.3994623094264147 0.16045735752359613 -0.5836141943276356 -0.9525330485259413
-0.7702783683506396 0.7550361919534283 0.7228125777770615 -0.25311950668794814
0.9720936999678287 0.9219841748317819 0.8059239053926368 -0.13715670635447763
0.3552095097516119 -0.10675620547728171 -0.260326284959536 0.6714549913021208
-0.08238401868350542 -0.3443986945842854 0.151583126737437 -0.6078684143831203
0.11198386842281582 -0.11492424695243808 0.7911430958868226 -0.8622299196310668
-0.5721674212286991 0.7553461093435578 -0.1379868256795791 -0.5718030009113886
-0.5904064206207902 0.4850302302602818 -0.11919450697513967 0.45303876802677334
-0.45985594954129994 0.04109597908959706 0.10460721780536164 0.5925178807093139
-0.3666181181463162 -0.4032807561039604 0.2004265670651395 0.8571924249517706
0.36400232494225104 -0.5844532615826761 -0.465372242254392 -0.482598526793794
-0.1805414391130482 -0.397796883790275 -0.36107984222901957 0.020404687557374235
-0.994511523978719 0.5310529218349083 -0.23340985267596115 -0.6366886911496572
0.6959727513586991 -0.5602136751095375 -0.7833316252068643 0.26433484610656066
0.5518936599530626 -0.6686596369226221 -0.1405922008465741 0.26603826299835953
-0.1830503531392822 -0.5371943778423838 0.6722159952065245 0.7334346807971701
0.06737347985855724 0.7016829458953078 0.6792980377369588 0.2802861011619253
-0.38253206241399096 -0.648284657464792 -0.7436025458167448 0.234545985099333
0.9048707415413173 0.25410107765993484 0.8819819691570365 0.7459951765570871
0.942458738848001 0.3897145013721919 0.34169678078290167 0.6338147879184644
-0.8174050335423035 0.8372656029682068 -0.602379816381911 0.8618668892063042
0.8597966090153166 0.4728562356024135 -0.3303596769813415 0.49650021733457494
0.2933008133109656 -0.7600022346624584 0.7839066060446671 -0.6173433574877123
